
1.000000
0.309020
-0.809020
-0.809020
0.309020
1.000000
0.309020
-0.809020
-0.809020
0.309020
1.000000
0.309020
-0.809020
-0.809020
0.309020
1.000000
0.309020
-0.809020
-0.809020
0.309020
1.000000
0.309020
-0.809020
-0.809020
0.309020
1.000000
0.309020
-0.809020
-0.809020
0.309020
1.000000
0.309020
-0.809020
-0.809020
0.309020
1.000000
0.309020
-0.809020
-0.809020
0.309020
1.000000
0.309020
-0.809020
-0.809020
0.309020
1.000000
0.309020
-0.809020
-0.809020
0.309020
1.000000
0.309020
-0.809020
-0.809020
0.309020
1.000000
0.309020
-0.809020
-0.809020
0.309020
1.000000
0.309020
-0.809020
-0.809020
0.309020
1.000000
0.309020
-0.809020
-0.809020
0.309020
1.000000
0.309020
-0.809020
-0.809020
0.309020
1.000000
0.309020
-0.809020
-0.809020
0.309020
1.000000
0.309020
-0.809020
-0.809020
0.309020
1.000000
0.309020
-0.809020
-0.809020
0.309020
1.000000
0.309020
-0.809020
-0.809020
0.309020
1.000000
0.309020
-0.809020
-0.809020
0.309020
1.000000
0.309020
-0.809020
-0.809020
0.309020
1.000000
0.309020
-0.809020
-0.809020
0.309020
1.000000
0.309020
-0.809020
-0.809020
0.309020
1.000000
0.309020
-0.809020
-0.809020
0.309020
1.000000
0.309020
-0.809020
-0.809020
0.309020
1.000000
0.309020
-0.809020
-0.809020
0.309020
1.000000
0.309020
-0.809020
-0.809020
0.309020
1.000000
0.309020
-0.809020
-0.809020
0.309020
1.000000
0.309020
-0.809020
-0.809020
0.309020
1.000000
0.309020
-0.809020
-0.809020
0.309020
1.000000
0.309020
-0.809020
-0.809020
0.309020
1.000000
0.309020
-0.809020
-0.809020
0.309020
1.000000
0.309020
-0.809020
-0.809020
0.309020
1.000000
0.309020
-0.809020
-0.809020
0.309020
1.000000
0.309020
-0.809020
-0.809020
0.309020
1.000000
0.309020
-0.809020
-0.809020
0.309020
1.000000
0.309020
-0.809020
-0.809020
0.309020
1.000000
0.309020
-0.809020
-0.809020
0.309020
1.000000
0.309020
-0.809020
-0.809020
0.309020
1.000000
0.309020
-0.809020
-0.809020
0.309020
1.000000
0.309020
-0.809020
-0.809020
0.309020
1.000000
0.309020
-0.809020
-0.809020
0.309020
1.000000
0.309020
-0.809020
-0.809020
0.309020
1.000000
0.309020
-0.809020
-0.809020
0.309020
1.000000
0.309020
-0.809020
-0.809020
0.309020
1.000000
0.309020
-0.809020
-0.809020
0.309020
1.000000
0.309020
-0.809020
-0.809020
0.309020
1.000000
0.309020
-0.809020
-0.809020
0.309020
1.000000
0.309020
-0.809020
-0.809020
0.309020
1.000000
0.309020
-0.809020
-0.809020
0.309020
1.000000
0.309020
-0.809020
-0.809020
0.309020
1.000000
0.309020
-0.809020
-0.809020
0.309020
1.000000
0.309020
-0.809020
-0.809020
0.309020
1.000000
0.309020
-0.809020
-0.809020
0.309020
1.000000
0.309020
-0.809020
-0.809020
0.309020
1.000000
0.309020
-0.809020
-0.809020
0.309020
1.000000
0.309020
-0.809020
-0.809020
0.309020
1.000000
0.309020
-0.809020
-0.809020
0.309020
1.000000
0.309020
-0.809020
-0.809020
0.309020
1.000000
0.309020
-0.809020
-0.809020
0.309020
1.000000
0.309020
-0.809020
-0.809020
0.309020
1.000000
0.309020
-0.809020
-0.809020
0.309020
1.000000
0.309020
-0.809020
-0.809020
0.309020
1.000000
0.309020
-0.809020
-0.809020
0.309020
1.000000
0.309020
-0.809020
-0.809020
0.309020
1.000000
0.309020
-0.809020
-0.809020
0.309020
1.000000
0.309020
-0.809020
-0.809020
0.309020
1.000000
0.309020
-0.809020
-0.809020
0.309020
1.000000
0.309020
-0.809020
-0.809020
0.309020
1.000000
0.309020
-0.809020
-0.809020
0.309020
1.000000
0.309020
-0.809020
-0.809020
0.309020
1.000000
0.309020
-0.809020
-0.809020
0.309020
1.000000
0.309020
-0.809020
-0.809020
0.309020
1.000000
0.309020
-0.809020
-0.809020
0.309020
1.000000
0.309020
-0.809020
-0.809020
0.309020
1.000000
0.309020
-0.809020
-0.809020
0.309020
1.000000
0.309020
-0.809020
-0.809020
0.309020
1.000000
0.309020
-0.809020
-0.809020
0.309020
1.000000
0.309020
-0.809020
-0.809020
0.309020
1.000000
0.309020
-0.809020
-0.809020
0.309020
1.000000
0.309020
-0.809020
-0.809020
0.309020
1.000000
0.309020
-0.809020
-0.809020
0.309020
1.000000
0.309020
-0.809020
-0.809020
0.309020
1.000000
0.309020
-0.809020
-0.809020
0.309020
1.000000
0.309020
-0.809020
-0.809020
0.309020
1.000000
0.309020
-0.809020
-0.809020
0.309020
1.000000
0.309020
-0.809020
-0.809020
0.309020
1.000000
0.309020
-0.809020
-0.809020
0.309020
1.000000
0.309020
-0.809020
-0.809020
0.309020
1.000000
0.309020
-0.809020
-0.809020
0.309020
1.000000
0.309020
-0.809020
-0.809020
0.309020
1.000000
0.309020
-0.809020
-0.809020
0.309020
1.000000
0.309020
-0.809020
-0.809020
0.309020
1.000000
0.309020
-0.809020
-0.809020
0.309020
1.000000
0.309020
-0.809020
-0.809020
0.309020
1.000000
0.309020
-0.809020
-0.809020
0.309020
1.000000
0.309020
-0.809020
-0.809020
0.309020
1.000000
0.309020
-0.809020
-0.809020
0.309020
1.000000
0.309020
-0.809020
-0.809020
0.309020
1.000000
0.309020
-0.809020
-0.809020
0.309020
1.000000
0.000000
0.000000
0.000000
0.000000
0.000000
0.000000
0.000000
2.000000
5.545748
8.388446
4.142798
-4.148530
-5.606477
-2.438232
-0.195609
0.082929
0.046439
1.048345
2.577448
4.137821
5.934438
7.752651
9.811262
13.830284
22.844984
41.845502
80.483384
157.438186
306.062060
580.446455
1056.693903
1815.301918
2885.066331
4149.088308
5279.861007
5832.576704
5526.089523
4464.673406
3026.195001
1582.085611
432.825636
9.493236
1027.997408
3941.267256
7519.361404
9507.693226
10630.090106
14679.074062
15443.340446