
-0.000000
3.631336
12.822962
20.441568
16.775385
7.647491
0.667804
-3.878299
-7.515254
-9.488974
-9.562263
-9.208989
-9.136552
-9.585478
-11.806867
-17.530305
-28.138020
-46.095632
-78.501305
-141.153820
-264.058033
-502.335997
-955.509673
-1790.915751
-3251.520875
-5606.394981
-8998.183528
-13213.392676
-17558.452771
-21072.382736
-23002.909648
-23130.639563
-21733.829219
-19378.892585
-16598.444597
-13206.923290
-7609.571543
1823.124883
13933.063361
26788.662325
40775.191195
43030.407116
44916.664816
46392.965358
47431.888033
48019.643813
48155.599409
47851.313611
47129.160397
46020.641182
44564.507879
42804.826077
40789.101570
38566.573568
36186.746151
33698.190112
31147.606477
28579.107775
26033.650334
23548.545191
21156.988224
18887.579090
16763.837131
14803.761165
13019.509007
11417.283202
9997.497112
8755.261128
7681.178592
6762.385959
5983.724622
5328.904544
4781.520020
4325.807102
3947.084815
3631.886875
3367.852426
3143.488805
2947.935969
2770.847066
2602.456573
2433.847389
2257.366357
2067.089667
1859.217567
1632.287308
1387.131808
1126.569035
854.868870
577.094357
298.440224
23.687023
-243.143849
-498.901665
-741.209773
-968.234430
-1178.418732
-1370.279340
-1542.335281
-1693.191972
-1821.753012
-1927.491471
-2010.692488
-2072.585058
-2115.310870
-2141.723029
-2155.054695
-2158.533843
-2155.035414
-2146.852179
-2135.633331
-2122.496525
-2108.267469
-2093.779856
-2080.140689
-2068.889695
-2062.007251
-2061.769867
-2070.494051
-2090.238867
-2122.546695
-2168.288731
-2227.650755
-2300.254972
-2385.376584
-2482.189625
-2589.971846
-2708.213919
-2836.608929
-2974.934887
-3122.875080
-3279.839348
-3444.848803
-3616.527416
-3793.212179
-3973.158213
-4154.786612
-4336.908923
-4518.867014
-4700.549065
-4882.275532
-5064.583693
-5247.966427
-5432.632693
-5618.350899
-5804.413822
-5989.731476
-6173.025003
-6353.069346
-6528.921551
-6700.077441
-6866.519994
-7028.651913
-7187.134678
-7342.678786
-7495.839606
-7646.868315
-7795.650032
-7941.736837
-8084.458833
-8223.078151
-8356.943250
-8485.605101
-8608.870653
-8726.787950
-8839.575588
-8947.522214
-9050.886224
-9149.821654
-9244.345393
-9334.347293
-9419.632548
-9499.978384
-9575.186079
-9645.114187
-9709.687391
-9768.884382
-9822.714766
-9871.197178
-9914.348371
-9952.187182
-9984.750450
-10012.112527
-10034.398072
-10051.779853
-10064.458690
-10072.629367
-10076.442150
-10075.972266
-10071.208311
-10062.065443
-10048.421820
-10030.169400
-10007.265341
-9979.769298
-9947.855378
-9911.794433
-9871.910658
-9828.523714
-9781.891703
-9732.170022
-9679.396650
-9623.507025
-9564.373617
-9501.858819
-9435.866782
-9366.380846
-9293.477953
-9217.318209
-9138.114589
-9056.092664
-8971.451941
-8884.338659
-8794.835550
-8702.968563
-8608.725782
-8512.080983
-8413.014219
-8311.524175
-8207.630805
-8101.370446
-7992.788013
-7881.931197
-7768.849849
-7653.600765
-7536.255088
-7416.903691
-7295.656059
-7172.630322
-7047.935540
-6921.650840
-6793.808242
-6664.385990
-6533.316721
-6400.510451
-6265.887471
-6129.412413
-5991.119350
-5851.119508
-5709.587675
-5566.729498
-5422.737763
-5277.749578
-5131.816855
-4984.899282
-4836.882828
-4687.619522
-4536.977893
-4384.889983
-4231.381431
-4076.575655
-3920.670502
-3763.893637
-3606.449240
-3448.471264
-3289.996751
-3130.966994
-2971.256275
-2810.719839
-2649.247127
-2486.804714
-2323.456422
-2159.354775
-1994.706450
-1829.722045
-1664.565115
-1499.315632
-1333.958687
-1168.401714
-1002.515015
-836.183371
-669.353255
-502.061452
-334.436472
-166.672305
1.017670
168.452826
335.527867
502.233046
668.645889
834.896799
1001.118667
1167.395436
1333.724865
1500.006561
1666.058833
1831.659465
1996.598406
2160.726936
2323.988978
2486.425521
2648.151066
2809.309202
2970.020405
3130.337279
3290.220034
3449.538910
3608.102251
3765.701505
3922.159691
4077.369204
4231.308343
4384.032521
4535.643680
4686.247752
4835.913217
4984.642963
5132.367226
5278.958677
5424.263956
5568.141121
5710.491053
5851.273191
5990.501265
6128.221219
6264.479205
6399.290614
6532.620587
6664.382578
6794.455508
6922.713823
7049.060333
7173.450523
7295.899494
7416.468147
7535.231913
7652.241258
7767.486334
7880.877586
7992.249721
8101.389593
8208.081187
8312.155262
8413.529051
8512.223608
8608.352273
8702.081817
8793.575758
8882.934819
8970.150912
9055.087820
9137.494805
9217.050538
9293.426435
9366.353097
9435.672496
9501.362149
9563.524872
9622.346645
9678.033402
9730.742832
9780.528308
9827.308621
9870.870299
9910.900948
9947.044363
9978.963261
10006.394314
10029.182997
10047.291476
10060.779794
10069.766960
10074.382758
10074.722177
10070.812442
10062.598475
10049.947583
10032.669694
10010.546552
9983.362555
9950.931097
9913.112720
9869.824141
9821.039383
9766.785333
9707.133922
9642.192268
9572.091010
9496.970480
9416.964563
9332.183132
9242.695447
9148.518190
9049.612233
8945.891389
8837.244205
8723.566722
8604.800906
8480.970948
8352.208781
8218.761305
8080.975028
7939.258400
7794.027234
7645.642944
7494.355982
7340.267017
7183.315884
7023.303540
6859.945975
6692.952481
6522.115132
6347.392937
6168.973715
5987.299616
5803.048126
5617.068510
5430.282572
5243.566830
5057.638811
4872.971947
4689.760360
4507.946923
4327.316130
4147.639610
3968.849275
3791.203919
3615.412244
3442.680182
3274.662947
3113.320686
2960.697334
2818.660977
2688.656081
2571.519870
2467.405446
2375.833936
2295.870774
2226.392770
2166.389459
2115.230111
2072.830473
2039.671320
2016.651177
2004.791951
2004.850842
2016.916608
2040.077018
2072.234203
2110.117155
2149.501229
2185.601602
2213.570676
2229.006747
2228.378190
2209.284830
2170.512517
2111.880641
2033.925865
1937.499224
1823.370576
1691.930739
1543.058608
1376.183378
1190.528945
985.487860
761.044187
518.153583
258.996708
-12.953809
-293.077608
-575.948430
-855.825796
-1127.225184
-1385.486069
-1627.262824
-1850.881982
-2056.536220
-2246.315114
-2424.099708
-2595.367587
-2766.964406
-2946.895826
-3144.181313
-3368.790894
-3631.661402
-3944.764247
-4321.176630
-4775.095986
-5321.735858
-5977.051384
-6757.263104
-7678.176263
-8754.324728
-9997.998712
-11418.238294
-13019.885681
-14802.785725
-16761.206464
-18883.522393
-21152.168146
-23543.836305
-26029.867067
-28576.765044
-31146.782207
-33698.525000
-36187.573442
-38567.133370
-40788.771419
-42803.298173
-44561.862907
-46017.302110
-47125.746393
-47848.443099
-48153.704016
-48018.848497
-47431.989963
-46393.512682
-44917.106291
-43030.263671
-40774.196403
-38203.172056
-35383.320663
-32390.987213
-29310.720151
-26232.983200
-23251.663812
-20461.432400
-17954.989411
-15820.228151
-14137.343794
-12975.933646
-12392.157994
-12426.059553
-13099.166325
-14412.521133
-16345.285985
-18854.057970
-21873.005337
-25314.890242
-29072.993134
-33023.898754
-37031.051556
-40948.944513
-44627.773622
-47918.372842
-50677.240227
-52771.473328
-54083.446695
-54515.082436
-53991.582342
-52464.504725
-49914.080190
-46350.669503
-41815.276833
-36379.046922
-30141.699270
-23228.888803
-15788.531029
0.000000