
2.000000
5.545748
8.388446
4.142798
-4.148530
-5.606477
-2.438232
-0.195609
0.082929
0.046439
1.048345
2.577448
4.137821
5.934438
7.752651
9.811262
13.830284
22.844984
41.845502
80.483384
157.438186
306.062060
580.446455
1056.693903
1815.301918
2885.066331
4149.088308
5279.861007
5832.576704
5526.089523
4464.673406
3026.195001
1582.085611
432.825636
9.493236
1027.997408
3941.267256
7519.361404
9507.693226
10630.090106
14679.074062
15443.340446
12482.897852
9265.903740
5866.013801
2358.099627
-1184.276034
-4691.159842
-8098.177977
-11348.093944
-14391.905448
-17189.470416
-19709.692212
-21930.329889
-23837.525684
-25425.154427
-26694.095483
-27651.507636
-28310.154502
-28687.788989
-28806.568547
-28692.446862
-28374.479048
-27883.989341
-27253.581129
-26516.012369
-25703.004958
-24844.092859
-23965.630712
-23090.075947
-22235.623069
-21416.214670
-20641.891343
-19919.385904
-19252.829588
-18644.428384
-18094.989198
-17604.223275
-17170.817067
-16792.323312
-16464.972330
-16183.523719
-15941.267124
-15730.240470
-15541.675609
-15366.619656
-15196.631282
-15024.427352
-14844.362572
-14652.661139
-14447.375149
-14228.105290
-13995.569528
-13751.132545
-13496.406376
-13233.002623
-12962.467696
-12686.378429
-12406.530785
-12125.131051
-11844.902468
-11569.048814
-11301.061501
-11044.404977
-10802.153242
-10576.667287
-10369.394854
-10180.842569
-10010.725267
-9858.250780
-9172.461730
-9602.557848
-9498.076741
-9408.958016
-9335.414114
-9277.693541
-9235.793727
-9209.209335
-9196.787391
-9196.729246
-9206.738030
-9224.270564
-9246.825784
-9272.194579
-9298.610052
-9324.767927
-9349.724937
-9372.717595
-9392.964910
-9409.520681
-9421.223874
-9426.764457
-9424.846322
-9414.398828
-9394.772743
-9365.859371
-9328.092431
-9282.324794
-9229.607244
-9170.924118
-9106.953280
-9037.911985
-8963.527595
-8883.139065
-8795.900874
-8701.034775
-8598.063378
-8486.965839
-8368.217687
-8242.707826
-8111.557499
-7975.890094
-7836.611047
-7694.251653
-7548.911552
-7400.307687
-7247.910209
-7091.125295
-6929.476091
-6762.737506
-6590.996169
-6414.628538
-6234.211716
-6050.397170
-5863.783710
-5674.821950
-5483.770228
-5290.705774
-5095.579695
-4898.294196
-4698.777669
-4497.037771
-4293.182186
-4087.407952
-3879.969517
-3671.140347
-3461.182198
-3250.330798
-3038.799090
-2826.792100
-2614.523352
-2402.222842
-2190.130545
-1978.475771
-1767.448931
-1557.176235
-1347.707981
-1139.027336
-931.079994
-723.818011
-517.245779
-311.454379
-106.633116
96.946786
298.973327
499.149390
697.248022
893.152210
1086.868137
1278.508175
1468.248192
1656.270728
1842.709163
2027.607323
2210.904259
2392.446750
2572.024524
2749.417409
2924.441244
3096.980764
3267.002282
3434.545158
3599.696977
3762.561206
3923.227028
4081.749015
4238.140195
4392.377473
4544.414717
4694.197272
4841.671202
4986.793488
5129.516905
5269.797860
5407.586875
5542.832223
5675.488766
5805.531009
5932.965498
6057.836780
6180.222502
6300.216514
6417.903048
6533.328753
6646.481187
6757.281475
6865.595317
6971.261190
7074.129197
7174.100082
7271.153003
7365.353159
7456.835702
7545.769192
7632.308002
7716.546830
7798.490399
7878.047544
7955.052109
8029.305378
8100.628376
8168.909265
8234.132193
8296.379105
8355.803777
8412.585376
8466.874890
8518.749899
8568.190854
8615.085722
8659.261593
8700.533917
8738.758834
8773.873187
8805.910445
8834.987930
8861.269289
8884.913469
8906.025504
8924.623817
8940.633816
8953.909673
8964.277737
8971.588539
8975.761784
8976.810787
8974.838959
8970.009313
8962.496021
8952.432451
8939.871185
8924.767982
8906.994533
8886.376332
8862.744507
8835.986354
8806.079681
8773.100905
8737.204574
8698.580384
8657.400344
8613.771500
8567.707885
8519.129591
8467.888835
8413.815064
8356.765692
8296.667704
8233.538343
8167.479454
8098.647907
8027.211457
7953.303374
7876.989110
7798.254286
7717.016587
7633.156950
7546.559815
7457.149871
7364.914285
7269.904330
7172.216910
7071.962785
6969.232259
6864.069571
6756.464120
6646.361000
6533.686912
6418.382465
6300.429733
6179.865436
6056.774762
5931.267251
5803.442187
5673.354777
5540.994615
5406.284544
5269.101803
5129.316321
4986.835280
4841.640220
4693.805987
4543.490502
4390.902840
4236.251045
4079.687623
3921.266897
3760.927234
3598.504423
3433.773996
3266.512103
3096.559126
2923.869044
2748.531021
2570.756951
2390.837673
2209.078884
2025.733194
1840.945712
1654.726995
1466.959977
1277.438721
1085.928827
892.234138
696.253332
498.013167
297.671496
95.490973
-108.208524
-313.106141
-518.931155
-725.497550
-932.715629
-1140.580294
-1349.141156
-1558.463231
-1768.587937
-1979.502619
-2191.123525
-2403.293243
-2615.790269
-2828.346309
-3040.666549
-3252.449073
-3463.401314
-3673.253043
-3881.766382
-4088.743327
-4294.030582
-4497.520466
-4699.146044
-4898.868865
-5096.658980
-5292.469016
-5486.206438
-5677.709903
-5866.736110
-6052.962363
-6236.007223
-6415.467620
-6590.966657
-6762.202936
-6928.990695
-7091.280746
-7249.155323
-7402.794868
-7552.420588
-7698.222093
-7840.283416
-7978.522230
-8112.655774
-8242.202824
-8366.524701
-8484.900843
-8596.627218
-8701.120220
-8798.005943
-8887.175653
-8968.793161
-9043.248103
-9111.059686
-9172.746366
-9228.685991
-9278.996039
-9323.462997
-9361.543076
-9392.443853
-9415.280162
-9429.280696
-9434.008006
-9429.547497
-9416.622941
-9396.607700
-9371.420627
-9343.319934
-9314.631932
-9287.469067
-9263.498282
-9243.814038
-9228.950545
-9219.038521
-9214.078955
-9214.277395
-9220.364077
-9233.822705
-9256.965582
-9292.822522
-9344.849807
-9416.504912
-9510.763920
-9629.674908
-9774.031744
-9943.246465
-10135.426680
-10347.662366
-10576.451413
-10818.181291
-11069.569189
-11327.974298
-11591.525154
-11859.046181
-12129.811688
-12403.193049
-12678.287585
-12953.621312
-13227.001795
-13495.565826
-13756.026464
-14005.083781
-14239.931491
-14458.773652
-14661.264608
-14848.800478
-15024.618014
-15193.690339
-15362.442359
-15538.335260
-15729.385208
-15943.684159
-16188.981050
-16472.362339
-16800.045931
-17177.276718
-17608.289957
-18096.294114
-18643.420165
-19250.590408
-19917.275819
-20641.134418
-21417.550407
-22239.120353
-23095.153893
-23971.268112
-24849.154082
-25706.580309
-26517.672430
-27253.475379
-27882.768835
-28373.075680
-28691.782136
-28807.281597
-28690.063100
-28313.688092
-27655.630519
-26697.988176
-25428.099944
-23839.117293
-21930.575388
-19708.989141
-17188.466409
-14391.291461
-11348.395673
-8099.607961
-4693.571365
-1187.227273
2355.196267
5863.706581
9264.538330
12482.523989
15443.712998
18078.089558
20322.239273
22121.833036
23433.827364
24228.315889
24489.999272
24219.264000
23432.870936
22164.252158
20463.402784
18396.338774
16044.078713
13501.103307
10873.254949
8275.062641
5826.513201
3649.333944
1862.898714
579.911918
-97.942350
-84.181200
688.671795
2265.846531
4667.810698
7888.597393
11895.049849
16627.012631
21998.459004
27899.512186
34199.294471
40749.521570
47388.747094
53947.150405
60251.746741
66131.879573
71424.831572
75981.364648
79670.975877
82386.640523
0.000000